time,s,e,i,r,mandate,complying,away_percent
0,7396,204,100,0,0,7700,0
0.25,7396,203,101,0,0,7699,1.090909091
0.5,7396,202,102,0,0,7698,2.077922078
0.75,7396,202,102,0,0,7698,3.077922078
1,7396,199,105,0,0,7695,4.584415584
1.25,7396,198,106,0,0,7689,9.597402597
1.5,7396,198,106,0,0,7682,14.01298701
1.75,7396,197,107,0,0,7674,18.5974026
2,7396,196,108,0,0,7655,22.88311688
2.25,7396,192,112,0,0,7634,26.32467532
2.5,7396,191,113,0,0,7612,29.8961039
2.75,7396,191,113,0,0,7578,33.1038961
3,7396,188,116,0,0,7559,36.16883117
3.25,7396,188,116,0,0,7533,39
3.5,7396,186,118,0,0,7502,41.8961039
3.75,7396,186,118,0,0,7479,44.42857143
4,7396,183,121,0,0,7446,46.55844156
4.25,7396,183,121,0,0,7403,48.58441558
4.5,7396,182,122,0,0,7368,50.4025974
4.75,7396,182,122,0,0,7337,51.96103896
5,7396,182,122,0,0,7290,53.97402597
5.25,7396,180,124,0,0,7250,56.05194805
5.5,7396,180,124,0,0,7220,57.85714286
5.75,7396,180,123,1,0,7188,59.63636364
6,7396,180,123,1,0,7147,61.22077922
6.25,7396,177,126,1,0,7110,62.58441558
6.5,7396,174,129,1,0,7052,64.06493506
6.75,7396,174,129,1,0,7013,64.94805195
7,7396,174,129,1,0,6976,66.23376623
7.25,7396,172,131,1,0,6929,67.25974026
7.5,7396,172,131,1,0,6893,68.44155844
7.75,7396,172,131,1,0,6857,69.16883117
8,7396,172,131,1,0,6826,69.98701299
8.25,7396,171,132,1,0,6786,70.79220779
8.5,7396,170,133,1,0,6728,71.49350649
8.75,7396,169,134,1,0,6725,68.93506494
9,7396,167,136,1,0,6751,65.20779221
9.25,7396,165,138,1,0,6749,61.87012987
9.5,7396,165,138,1,0,6777,58.71428571
9.75,7396,164,139,1,0,6790,56.25974026
10,7396,164,139,1,0,6778,53.98701299
10.25,7396,163,139,2,0,6801,51.45454545
10.5,7396,163,139,2,0,6811,49.42857143
10.75,7396,163,139,2,0,6815,47.36363636
11,7396,163,139,2,0,6839,45.36363636
11.25,7396,161,141,2,0,6842,43.93506494
11.5,7396,161,141,2,0,6851,42.27272727
11.75,7396,161,141,2,0,6879,40.63636364
12,7396,160,142,2,0,6900,39
12.25,7396,160,142,2,0,6920,37.55844156
12.5,7396,160,142,2,0,6918,36.55844156
12.75,7396,159,142,3,0,6910,35.4025974
13,7396,158,142,4,0,6921,34.2987013
13.25,7396,157,143,4,0,6929,33.18181818
13.5,7396,156,144,4,0,6936,32.38961039
13.75,7396,156,144,4,0,6937,31.38961039
14,7396,153,147,4,0,6927,30.98701299
14.25,7396,152,148,4,0,6933,30.11688312
14.5,7396,152,148,4,0,6934,29.44155844
14.75,7396,151,148,5,0,6937,28.84415584
15,7396,151,148,5,0,6924,28.63636364
15.25,7396,150,149,5,0,6946,27.90909091
15.5,7396,149,150,5,0,6947,27.4025974
15.75,7396,149,150,5,0,6942,27.23376623
16,7396,148,150,6,0,6946,26.81818182
16.25,7396,147,151,6,0,6932,26.72727273
16.5,7396,147,151,6,0,6914,26.36363636
16.75,7396,147,151,6,0,6915,26
17,7396,147,151,6,0,6909,25.74025974
17.25,7396,146,151,7,0,6916,25.24675325
17.5,7396,144,153,7,0,6915,24.75324675
17.75,7396,143,154,7,0,6931,24.45454545
18,7396,143,154,7,0,6912,24.15584416
18.25,7396,142,155,7,0,6922,23.57142857
18.5,7396,141,156,7,0,6927,22.94805195
18.75,7396,140,155,9,0,6933,22.74025974
19,7396,139,156,9,0,6948,22.22077922
19.25,7396,139,156,9,0,6954,21.96103896
19.5,7396,136,159,9,0,6940,21.92207792
19.75,7396,134,161,9,0,6945,21.64935065
20,7396,134,160,10,0,6946,21.20779221
20.25,7396,133,161,10,0,6961,20.87012987
20.5,7396,132,162,10,0,6967,20.75324675
20.75,7396,132,162,10,0,6970,20.63636364
21,7396,132,162,10,0,6963,20.67532468
21.25,7396,132,162,10,0,6961,20.67532468
21.5,7396,131,163,10,0,6957,20.77922078
21.75,7396,130,164,10,0,6958,20.67532468
22,7396,129,165,10,0,6944,20.71428571
22.25,7396,128,166,10,0,6937,20.63636364
22.5,7396,128,166,10,0,6925,20.46753247
22.75,7396,127,167,10,0,6934,19.98701299
23,7396,127,167,10,0,6928,19.85714286
23.25,7396,125,169,10,0,6920,19.88311688
23.5,7396,124,170,10,0,6948,19.48051948
23.75,7396,124,170,10,0,6947,19.09090909
24,7396,123,170,11,0,6964,18.72727273
24.25,7396,120,173,11,0,6971,18.68831169
24.5,7396,120,172,12,0,6962,18.71428571
24.75,7396,118,174,12,0,6963,18.68831169
25,7396,117,175,12,0,6972,18.64935065
25.25,7396,116,176,12,0,6961,18.83116883
25.5,7396,114,178,12,0,6951,18.83116883
25.75,7396,114,178,12,0,6944,19.07792208
26,7396,114,177,13,0,6952,18.8961039
26.25,7396,114,177,13,0,6943,19
26.5,7396,114,177,13,0,6938,19.02597403
26.75,7396,114,177,13,0,6931,19.07792208
27,7396,114,177,13,0,6943,19.09090909
27.25,7396,114,177,13,0,6950,18.75324675
27.5,7396,112,179,13,0,6945,18.63636364
27.75,7396,111,179,14,0,6948,18.53246753
28,7396,110,179,15,0,6952,18.68831169
28.25,7396,110,178,16,0,6950,18.81818182
28.5,7396,110,178,16,0,6954,18.61038961
28.75,7396,110,178,16,0,6942,18.51948052
29,7396,108,180,16,0,6947,18.41558442
29.25,7396,107,181,16,0,6947,18.49350649
29.5,7396,107,181,16,0,6940,18.57142857
29.75,7396,107,181,16,0,6953,18.42857143
30,7396,107,181,16,0,6966,18.20779221
30.25,7396,106,181,17,0,6980,18.19480519
30.5,7396,106,181,17,0,6971,18.07792208
30.75,7396,105,182,17,0,6975,18.05194805
31,7396,105,182,17,0,6962,18.27272727
31.25,7396,105,182,17,0,6960,18.20779221
31.5,7396,103,184,17,0,6964,18.20779221
31.75,7396,103,184,17,0,6957,18.23376623
32,7396,103,184,17,0,6941,18.57142857
32.25,7396,103,184,17,0,6941,18.62337662
32.5,7396,102,184,18,0,6948,18.53246753
32.75,7396,100,186,18,0,6929,18.72727273
33,7396,99,186,19,0,6925,18.84415584
33.25,7396,96,189,19,0,6938,18.76623377
33.5,7396,94,191,19,0,6941,18.83116883
33.75,7396,93,192,19,0,6954,18.63636364
34,7396,92,193,19,0,6952,18.58441558
34.25,7396,91,194,19,0,6963,18.38961039
34.5,7396,91,194,19,0,6969,18.33766234
34.75,7396,90,195,19,0,6969,18.4025974
35,7396,90,194,20,0,6979,18.25974026
35.25,7396,89,195,20,0,6966,18.4025974
35.5,7396,89,195,20,0,6955,18.49350649
35.75,7396,89,195,20,0,6943,18.4025974
36,7396,89,195,20,0,6939,18.53246753
36.25,7396,89,195,20,0,6935,18.71428571
36.5,7396,88,195,21,0,6933,18.55844156
36.75,7396,88,195,21,0,6930,18.77922078
37,7396,86,197,21,0,6926,18.79220779
37.25,7396,86,196,22,0,6930,18.80519481
37.5,7396,86,195,23,0,6928,18.84415584
37.75,7396,85,196,23,0,6917,18.94805195
38,7396,84,197,23,0,6934,18.64935065
38.25,7396,82,199,23,0,6931,18.79220779
38.5,7396,80,201,23,0,6922,18.68831169
38.75,7396,80,200,24,0,6948,18.50649351
39,7396,79,201,24,0,6951,18.38961039
39.25,7396,78,201,25,0,6931,18.72727273
39.5,7396,77,202,25,0,6933,18.55844156
39.75,7396,77,202,25,0,6934,18.42857143
40,7396,77,202,25,0,6934,18.48051948
40.25,7396,76,203,25,0,6946,18.27272727
40.5,7396,76,203,25,0,6953,18.24675325
40.75,7396,76,203,25,0,6954,18.18181818
41,7396,75,204,25,0,6931,18.50649351
41.25,7396,75,203,26,0,6743,22.81818182
41.5,7396,75,203,26,0,6730,23.55844156
41.75,7396,75,203,26,0,6748,23.11688312
42,7396,75,203,26,0,6752,22.93506494
42.25,7396,75,203,26,0,6770,22.44155844
42.5,7396,75,203,26,0,6774,22.23376623
42.75,7396,75,202,27,0,6768,22.12987013
43,7396,75,202,27,0,6783,21.63636364
43.25,7396,75,202,27,0,6792,21.24675325
43.5,7396,75,202,27,0,6815,20.92207792
43.75,7396,73,204,27,0,6827,20.80519481
44,7396,70,207,27,0,6831,20.74025974
44.25,7396,69,208,27,0,6833,20.71428571
44.5,7396,69,208,27,0,6835,20.45454545
44.75,7396,68,208,28,0,6830,20.41558442
45,7396,68,206,30,0,6828,20.2987013
45.25,7396,68,206,30,0,6821,20.31168831
45.5,7396,68,206,30,0,6841,20.19480519
45.75,7396,68,206,30,0,6857,20.16883117
46,7396,68,206,30,0,6869,20.05194805
46.25,7396,67,207,30,0,6872,19.96103896
46.5,7396,66,207,31,0,6852,20.15584416
46.75,7396,66,207,31,0,6849,19.94805195
47,7396,66,207,31,0,6851,20.15584416
47.25,7396,66,205,33,0,6860,19.92207792
47.5,7396,65,206,33,0,6858,19.76623377
47.75,7396,65,205,34,0,6847,19.94805195
48,7396,65,205,34,0,6862,19.63636364
48.25,7396,65,205,34,0,6857,19.67532468
48.5,7396,65,205,34,0,6847,19.68831169
48.75,7396,65,203,36,0,6862,19.51948052
49,7396,65,203,36,0,6868,19.63636364
49.25,7396,65,203,36,0,6859,19.57142857
49.5,7396,65,203,36,0,6856,19.63636364
49.75,7396,65,202,37,0,6846,19.54545455
50,7396,65,201,38,0,6842,19.57142857
50.25,7396,65,201,38,0,6850,19.50649351
50.5,7396,65,201,38,0,6856,19.31168831
50.75,7396,65,201,38,0,6840,19.45454545
51,7396,65,201,38,0,6834,19.22077922
51.25,7396,65,201,38,0,6838,19.16883117
51.5,7396,65,201,38,0,6850,18.90909091
51.75,7396,64,200,40,0,6846,18.58441558
52,7396,63,201,40,0,6837,18.5974026
52.25,7396,62,202,40,0,6847,18.58441558
52.5,7396,62,201,41,0,6857,18.49350649
52.75,7396,62,201,41,0,6864,18.49350649
53,7396,62,201,41,0,6873,18.36363636
53.25,7396,62,200,42,0,6876,18.36363636
53.5,7396,61,200,43,0,6886,18.18181818
53.75,7396,61,200,43,0,6875,18.36363636
54,7396,61,199,44,0,6869,18.25974026
54.25,7396,61,199,44,0,6870,18.19480519
54.5,7396,61,199,44,0,6866,18.25974026
54.75,7396,61,199,44,0,6861,18.44155844
55,7396,61,199,44,0,6868,18.48051948
55.25,7396,61,198,45,0,6876,18.49350649
55.5,7396,61,198,45,0,6879,18.58441558
55.75,7396,61,198,45,0,6867,18.63636364
56,7396,61,198,45,0,6857,18.66233766
56.25,7396,61,198,45,0,6862,18.44155844
56.5,7396,61,197,46,0,6857,18.33766234
56.75,7396,61,196,47,0,6852,18.32467532
57,7396,60,197,47,0,6844,18.35064935
57.25,7396,60,197,47,0,6848,18.58441558
57.5,7396,59,198,47,0,6856,18.7012987
57.75,7396,59,197,48,0,6860,18.63636364
58,7396,59,197,48,0,6869,18.49350649
58.25,7396,59,195,50,0,6864,18.62337662
58.5,7396,58,196,50,0,6879,18.37662338
58.75,7396,58,196,50,0,6877,18.22077922
59,7396,58,196,50,0,6879,18.28571429
59.25,7396,57,197,50,0,6872,18.49350649
59.5,7396,57,197,50,0,6850,18.71428571
59.75,7396,57,197,50,0,6854,18.67532468
60,7396,57,197,50,0,6854,18.64935065
60.25,7396,56,198,50,0,6862,18.54545455
60.5,7396,56,198,50,0,6864,18.45454545
60.75,7396,56,198,50,0,6845,18.62337662
61,7396,55,198,51,0,6852,18.67532468
61.25,7396,55,198,51,0,6850,18.54545455
61.5,7396,55,198,51,0,6855,18.48051948
61.75,7396,55,198,51,0,6835,18.63636364
62,7396,55,197,52,0,6820,18.85714286
62.25,7396,55,197,52,0,6803,19.12987013
62.5,7396,55,197,52,0,6804,19.18181818
62.75,7396,55,197,52,0,6801,19.20779221
63,7396,55,197,52,0,6820,18.98701299
63.25,7396,54,198,52,0,6825,18.96103896
63.5,7396,54,198,52,0,6836,18.81818182
63.75,7396,54,198,52,0,6835,18.84415584
64,7396,54,198,52,0,6832,18.97402597
64.25,7396,52,200,52,0,6826,18.93506494
64.5,7396,52,200,52,0,6819,18.87012987
64.75,7396,52,200,52,0,6815,18.93506494
65,7396,52,199,53,0,6835,18.8961039
65.25,7396,51,200,53,0,6830,18.88311688
65.5,7396,51,200,53,0,6824,18.87012987
65.75,7396,50,201,53,0,6838,18.66233766
66,7396,49,201,54,0,6843,18.90909091
66.25,7396,49,201,54,0,6834,19.22077922
66.5,7396,48,202,54,0,6837,19.19480519
66.75,7396,48,201,55,0,6830,19.16883117
67,7396,48,201,55,0,6826,19.35064935
67.25,7396,47,202,55,0,6832,19.09090909
67.5,7396,47,202,55,0,6821,19.42857143
67.75,7396,47,202,55,0,6818,19.48051948
68,7396,46,203,55,0,6829,19.50649351
68.25,7396,46,203,55,0,6839,19.27272727
68.5,7396,46,203,55,0,6833,19.2987013
68.75,7396,45,204,55,0,6834,19.18181818
69,7396,45,204,55,0,6835,19.44155844
69.25,7396,45,204,55,0,6830,19.38961039
69.5,7396,45,204,55,0,6837,19.23376623
69.75,7396,43,206,55,0,6821,19.19480519
70,7396,42,207,55,0,6819,19.02597403
70.25,7396,42,207,55,0,6812,19.18181818
70.5,7396,42,207,55,0,6840,18.81818182
70.75,7396,42,207,55,0,6836,18.94805195
71,7396,42,207,55,0,6832,19.27272727
71.25,7396,41,208,55,0,6853,18.81818182
71.5,7396,41,208,55,0,6855,18.88311688
71.75,7396,40,209,55,0,6837,18.97402597
72,7396,40,209,55,0,6867,18.5974026
72.25,7396,40,209,55,0,6849,18.7012987
72.5,7396,40,208,56,0,6859,18.46753247
72.75,7396,39,209,56,0,6876,18.03896104
73,7396,39,209,56,0,6857,18.11688312
73.25,7396,39,208,57,0,6852,18.55844156
73.5,7396,39,208,57,0,6859,18.25974026
73.75,7396,39,208,57,0,6876,17.98701299
74,7396,38,209,57,0,6845,18.32467532
74.25,7396,38,209,57,0,6858,18.16883117
74.5,7396,38,209,57,0,6865,17.98701299
74.75,7396,38,209,57,0,6857,18.12987013
75,7396,38,209,57,0,6882,17.85714286
75.25,7396,37,210,57,0,6890,17.64935065
75.5,7396,36,210,58,0,6883,17.71428571
75.75,7396,36,210,58,0,6712,21.67532468
76,7396,36,210,58,0,6552,25.5974026
76.25,7396,36,210,58,0,6402,29.15584416
76.5,7396,36,209,59,0,6242,32.68831169
76.75,7396,35,209,60,0,6107,35.81818182
77,7396,35,209,60,0,5978,38.49350649
77.25,7396,35,208,61,0,5836,41.4025974
77.5,7396,35,208,61,0,5708,44.19480519
77.75,7396,34,209,61,0,5609,46.49350649
78,7396,34,208,62,0,5497,48.5974026
78.25,7396,34,208,62,0,5411,50.71428571
78.5,7396,34,208,62,0,5331,52.51948052
78.75,7396,34,208,62,0,5276,53.92207792
79,7396,34,208,62,0,5191,55.63636364
79.25,7396,34,208,62,0,5100,57.63636364
79.5,7396,34,208,62,0,5022,59.37662338
79.75,7396,34,207,63,0,4946,60.67532468
80,7396,34,207,63,0,4884,62.06493506
80.25,7396,34,207,63,0,4831,63.42857143
80.5,7396,34,207,63,0,4776,64.38961039
80.75,7396,34,207,63,0,4730,65.51948052
81,7396,32,209,63,0,4695,66.36363636
81.25,7397,32,209,62,0,4630,67.25974026
81.5,7397,32,209,62,0,4592,68.1038961
81.75,7397,32,209,62,0,4532,69.37662338
82,7397,32,208,63,0,4511,69.92207792
82.25,7397,32,208,63,0,4470,70.48051948
82.5,7397,32,207,64,0,4444,70.92207792
82.75,7397,30,209,64,0,4390,71.64935065
83,7397,30,209,64,0,4372,72.06493506
83.25,7397,30,209,64,0,4315,72.96103896
83.5,7397,30,209,64,0,4266,73.87012987
83.75,7397,30,208,65,0,4244,74.50649351
84,7397,30,208,65,0,4247,75
84.25,7397,30,207,66,0,4214,75.4025974
84.5,7397,29,207,67,0,4195,75.90909091
84.75,7397,29,207,67,0,4178,76.2987013
85,7397,28,208,67,0,4156,76.96103896
85.25,7397,28,208,67,0,4122,77.36363636
85.5,7397,28,207,68,0,4110,77.7012987
85.75,7397,28,207,68,0,4102,78.06493506
86,7397,27,208,68,0,4075,78.42857143
86.25,7397,27,208,68,0,4073,78.51948052
86.5,7397,27,208,68,0,4040,78.77922078
86.75,7396,28,207,69,0,4031,79.12987013
87,7396,28,207,69,0,4031,78.87012987
87.25,7396,28,207,69,0,4000,79.20779221
87.5,7396,28,206,70,0,3982,79.35064935
87.75,7396,28,206,70,0,3974,79.72727273
88,7396,28,206,70,0,3974,79.75324675
88.25,7396,28,206,70,0,4000,79.37662338
88.5,7396,27,207,70,0,4178,75.31168831
88.75,7396,27,207,70,0,4351,71.66233766
89,7396,27,207,70,0,4493,68.24675325
89.25,7396,27,206,71,0,4655,64.7012987
89.5,7396,26,207,71,0,4805,61.5974026
89.75,7396,26,207,71,0,4922,58.93506494
90,7396,26,207,71,0,5059,56.09090909
90.25,7396,26,206,72,0,5164,53.75324675
90.5,7396,26,206,72,0,5248,51.57142857
90.75,7396,26,206,72,0,5306,49.83116883
91,7396,26,206,72,0,5433,47.36363636
91.25,7396,26,206,72,0,5534,45.62337662
91.5,7396,26,206,72,0,5612,43.62337662
91.75,7396,26,205,73,0,5667,42.44155844
92,7396,26,205,73,0,5732,41.02597403
92.25,7396,26,205,73,0,5821,39.48051948
92.5,7396,26,205,73,0,5879,38.25974026
92.75,7396,26,205,73,0,5942,37.03896104
93,7396,26,205,73,0,6010,35.76623377
93.25,7396,25,206,73,0,6074,34.48051948
93.5,7396,25,205,74,0,6123,33.35064935
93.75,7396,25,205,74,0,6169,32.36363636
94,7396,25,205,74,0,6227,31.12987013
94.25,7396,25,203,76,0,6245,30.54545455
94.5,7396,25,203,76,0,6313,29.61038961
94.75,7396,25,203,76,0,6363,28.87012987
95,7396,25,202,77,0,6377,28.33766234
95.25,7396,25,202,77,0,6415,27.42857143
95.5,7396,25,202,77,0,6432,27.07792208
95.75,7396,25,202,77,0,6445,26.48051948
96,7396,25,202,77,0,6305,29.53246753
96.25,7396,25,200,79,0,6133,33.25974026
96.5,7396,25,200,79,0,5988,36.63636364
96.75,7396,25,199,80,0,5836,39.81818182
97,7396,25,199,80,0,5685,42.38961039
97.25,7396,23,201,80,0,5532,45.18181818
97.5,7396,23,201,80,0,5438,47.57142857
97.75,7396,23,201,80,0,5319,49.92207792
98,7396,23,201,80,0,5250,51.87012987
98.25,7396,23,201,80,0,5170,53.50649351
98.5,7396,22,201,81,0,5087,55.36363636
98.75,7396,22,201,81,0,4993,57.15584416
99,7396,22,201,81,0,4944,58.62337662
99.25,7396,22,201,81,0,4864,60.27272727
99.5,7396,22,201,81,0,4812,61.51948052
99.75,7396,21,202,81,0,4764,62.64935065
100,7396,21,202,81,0,4700,64.18181818
100.25,7396,21,202,81,0,4647,65.2987013
100.5,7396,21,202,81,0,4619,66.02597403
100.75,7396,21,202,81,0,4590,66.92207792
101,7396,21,201,82,0,4544,67.88311688
101.25,7396,21,200,83,0,4503,68.83116883
101.5,7395,22,200,83,0,4455,69.87012987
101.75,7395,22,199,84,0,4433,70.51948052
102,7395,22,199,84,0,4395,71.28571429
102.25,7395,22,197,86,0,4348,71.93506494
102.5,7395,22,197,86,0,4322,72.35064935
102.75,7395,20,196,89,0,4307,72.80519481
103,7395,20,196,89,0,4285,73.44155844
103.25,7395,20,196,89,0,4268,73.98701299
103.5,7395,20,196,89,0,4248,74.33766234
103.75,7395,20,196,89,0,4237,74.83116883
104,7395,20,196,89,0,4217,75.27272727
104.25,7395,20,196,89,0,4189,75.63636364
104.5,7395,20,196,89,0,4184,76.03896104
104.75,7395,20,195,90,0,4173,76.06493506
105,7395,20,195,90,0,4143,76.38961039
105.25,7395,20,194,91,0,4144,76.53246753
105.5,7395,20,194,91,0,4116,77.01298701
105.75,7395,20,194,91,0,4093,77.33766234
106,7395,20,194,91,0,4094,77.44155844
106.25,7395,20,194,91,0,4041,78.02597403
106.5,7395,20,194,91,0,4020,78.22077922
106.75,7395,20,194,91,0,4021,78.33766234
107,7395,19,195,91,0,4027,78.35064935
107.25,7395,19,195,91,0,4014,78.42857143
107.5,7395,19,195,91,0,4007,78.57142857
107.75,7395,19,195,91,0,4009,78.79220779
108,7395,19,194,92,0,4022,78.79220779
108.25,7395,18,195,92,0,4028,78.67532468
108.5,7395,18,195,92,0,4009,79.16883117
108.75,7395,18,195,92,0,4003,79.03896104
109,7395,18,195,92,0,4011,78.94805195
109.25,7395,18,195,92,0,4008,78.93506494
109.5,7395,18,195,92,0,3993,79.15584416
109.75,7395,18,194,93,0,4004,78.96103896
110,7395,18,194,93,0,3996,79.18181818
110.25,7395,18,194,93,0,4017,79.37662338
110.5,7395,18,194,93,0,4000,79.7012987
110.75,7395,18,194,93,0,3998,79.87012987
111,7395,18,194,93,0,3996,79.96103896
111.25,7395,18,194,93,0,3993,79.87012987
111.5,7395,18,194,93,0,4002,79.80519481
111.75,7395,18,194,93,0,3988,80.18181818
112,7395,18,194,93,0,3970,80.5974026
112.25,7395,18,193,94,0,3962,80.63636364
112.5,7395,18,193,94,0,3939,80.88311688
112.75,7395,18,193,94,0,3932,80.92207792
113,7395,18,193,94,0,3912,81.05194805
113.25,7395,18,193,94,0,3920,81.16883117
113.5,7395,18,193,94,0,3901,81.51948052
113.75,7395,18,193,94,0,3915,81.49350649
114,7395,18,193,94,0,3915,81.49350649
114.25,7395,18,193,94,0,3926,81.31168831
114.5,7395,18,193,94,0,3921,81.20779221
114.75,7395,18,193,94,0,3927,81.31168831
115,7395,18,193,94,0,3932,81.24675325
115.25,7395,18,192,95,0,3919,81.45454545
115.5,7395,18,191,96,0,4087,77.64935065
115.75,7395,18,191,96,0,4259,73.63636364
116,7395,18,191,96,0,4418,69.98701299
116.25,7394,19,190,97,0,4566,66.63636364
116.5,7394,19,190,97,0,4705,63.55844156
116.75,7394,18,191,97,0,4855,60.45454545
117,7394,18,191,97,0,4974,57.76623377
117.25,7394,18,191,97,0,5109,55.15584416
117.5,7394,18,191,97,0,5209,53.12987013
117.75,7394,18,191,97,0,5306,51.01298701
118,7394,17,190,99,0,5416,48.68831169
118.25,7394,17,190,99,0,5508,46.76623377
118.5,7394,17,190,99,0,5585,45.01298701
118.75,7394,17,190,99,0,5669,43
119,7394,16,191,99,0,5759,41.36363636
119.25,7394,16,191,99,0,5818,40
119.5,7394,16,191,99,0,5859,38.85714286
119.75,7394,16,191,99,0,5897,37.64935065
120,7394,16,191,99,0,5954,36.55844156
120.25,7394,16,191,99,0,6003,35.77922078
120.5,7394,16,191,99,0,6049,34.71428571
120.75,7394,16,191,99,0,6101,33.58441558
121,7394,16,191,99,0,6163,32.33766234
121.25,7394,16,191,99,0,6219,31.33766234
121.5,7394,16,191,99,0,6266,30.46753247
121.75,7394,16,191,99,0,6320,29.35064935
122,7394,16,191,99,0,6361,28.63636364
122.25,7394,16,191,99,0,6396,27.88311688
122.5,7394,16,191,99,0,6433,27.25974026
122.75,7394,15,191,100,0,6479,26.44155844
123,7394,15,190,101,0,6483,26.07792208
123.25,7394,15,190,101,0,6508,25.72727273
123.5,7394,15,190,101,0,6501,25.67532468
123.75,7394,15,190,101,0,6520,25.37662338
124,7394,15,190,101,0,6532,25
124.25,7394,15,190,101,0,6561,24.79220779
124.5,7394,15,190,101,0,6590,24.27272727
124.75,7394,15,189,102,0,6583,24.27272727
125,7395,15,189,101,0,6592,24.06493506
125.25,7395,15,189,101,0,6598,23.71428571
125.5,7395,15,189,101,0,6607,23.54545455
125.75,7395,15,189,101,0,6485,26.09090909
126,7395,15,188,102,0,6310,29.74025974
126.25,7395,15,188,102,0,6165,33.15584416
126.5,7395,15,188,102,0,6016,36.19480519
126.75,7395,15,188,102,0,5855,39.51948052
127,7395,15,187,103,0,5691,42.62337662
127.25,7395,15,187,103,0,5573,45.35064935
127.5,7395,15,186,104,0,5448,47.71428571
127.75,7395,15,186,104,0,5341,50.22077922
128,7395,15,186,104,0,5244,52.20779221
128.25,7395,15,185,105,0,5173,53.97402597
128.5,7395,15,185,105,0,5092,55.79220779
128.75,7395,15,185,105,0,5012,57.2987013
129,7395,15,185,105,0,4958,58.83116883
129.25,7395,15,185,105,0,4881,60.25974026
129.5,7395,14,186,105,0,4825,61.74025974
129.75,7395,14,186,105,0,4739,63.16883117
130,7394,15,186,105,0,4668,64.54545455
130.25,7394,15,185,106,0,4609,65.7012987
130.5,7394,15,185,106,0,4564,66.64935065
130.75,7394,15,185,106,0,4527,67.45454545
131,7394,15,185,106,0,4495,68.19480519
131.25,7394,15,185,106,0,4482,68.79220779
131.5,7394,15,185,106,0,4446,69.51948052
131.75,7394,15,185,106,0,4396,70.07792208
132,7394,15,185,106,0,4367,70.74025974
132.25,7394,15,184,107,0,4347,71.38961039
132.5,7394,15,184,107,0,4331,72.07792208
132.75,7394,15,184,107,0,4306,72.7012987
133,7394,15,184,107,0,4263,73.24675325
133.25,7394,15,184,107,0,4237,74.07792208
133.5,7394,14,185,107,0,4232,74.36363636
133.75,7394,14,185,107,0,4188,74.97402597
134,7394,14,185,107,0,4156,75.51948052
134.25,7394,14,185,107,0,4151,76.06493506
134.5,7394,13,186,107,0,4133,76.54545455
134.75,7394,13,186,107,0,4126,76.66233766
135,7394,13,186,107,0,4134,76.8961039
135.25,7394,13,185,108,0,4099,77.15584416
135.5,7394,13,184,109,0,4099,77.23376623
135.75,7394,13,184,109,0,4105,77.38961039
136,7394,13,184,109,0,4086,77.77922078
136.25,7394,13,183,110,0,4065,78.11688312
136.5,7394,13,183,110,0,4040,78.38961039
136.75,7394,13,183,110,0,4059,78.54545455
137,7394,12,184,110,0,4054,78.88311688
137.25,7394,12,183,111,0,4054,78.8961039
137.5,7394,12,183,111,0,4034,79.05194805
137.75,7394,12,183,111,0,4016,79.22077922
138,7394,12,183,111,0,4000,79.42857143
138.25,7394,12,182,112,0,4012,79.49350649
138.5,7394,12,182,112,0,4010,79.42857143
138.75,7394,12,182,112,0,3987,79.92207792
139,7394,12,181,113,0,3990,80.01298701
139.25,7394,12,181,113,0,3989,79.87012987
139.5,7394,12,180,114,0,3994,79.96103896
139.75,7394,12,179,115,0,3999,79.85714286
140,7394,12,179,115,0,3980,79.84415584
140.25,7394,11,180,115,0,3962,80.02597403
140.5,7394,11,180,115,0,3932,80.38961039
140.75,7394,11,180,115,0,3942,80.22077922
141,7394,11,180,115,0,3925,80.32467532
141.25,7394,11,180,115,0,3921,80.4025974
141.5,7394,11,179,116,0,3916,80.25974026
141.75,7394,11,179,116,0,3911,80.28571429
142,7394,11,178,117,0,3914,80.22077922
142.25,7394,11,178,117,0,3904,80.5974026
142.5,7394,11,178,117,0,3887,80.87012987
142.75,7394,10,179,117,0,3892,80.97402597
143,7394,10,179,117,0,3885,81.09090909
143.25,7394,10,179,117,0,3864,81.4025974
143.5,7394,10,179,117,0,3858,81.41558442
143.75,7394,10,179,117,0,3881,81.38961039
144,7394,10,179,117,0,3903,81.2987013
144.25,7394,10,178,118,0,3907,81.48051948
144.5,7394,10,178,118,0,3914,81.36363636
144.75,7394,10,178,118,0,3902,81.64935065
145,7394,10,178,118,0,3910,81.46753247
145.25,7394,10,178,118,0,3912,81.18181818
145.5,7394,10,178,118,0,3943,81.03896104
145.75,7394,10,178,118,0,3933,81.05194805
146,7394,10,178,118,0,3921,81.01298701
146.25,7394,10,178,118,0,3912,81.28571429
146.5,7394,10,177,119,0,3912,81.20779221
146.75,7394,10,177,119,0,3907,81.42857143
147,7394,10,177,119,0,3923,81.09090909
147.25,7394,10,177,119,0,3930,80.94805195
147.5,7394,10,177,119,0,4115,77.28571429
147.75,7394,10,177,119,0,4298,73.35064935
148,7394,10,177,119,0,4493,69.35064935
148.25,7394,10,177,119,0,4608,66.48051948
148.5,7394,10,177,119,0,4734,63.71428571
148.75,7394,10,176,120,0,4874,60.98701299
149,7394,10,175,121,0,4830,61.48051948
149.25,7394,10,175,121,0,4784,62.45454545
149.5,7394,10,175,121,0,4708,63.85714286
149.75,7394,10,175,121,0,4653,64.81818182
150,7394,10,175,121,0,4595,65.97402597
150.25,7394,10,175,121,0,4548,67.01298701
150.5,7394,10,175,121,0,4487,68.12987013
150.75,7394,10,175,121,0,4467,68.58441558
151,7394,10,175,121,0,4424,69.48051948
151.25,7394,10,174,122,0,4408,70.03896104
151.5,7394,10,173,123,0,4344,70.96103896
151.75,7394,10,173,123,0,4479,68.2987013
152,7394,10,172,124,0,4632,64.66233766
152.25,7394,10,172,124,0,4641,64.35064935
152.5,7394,10,172,124,0,4601,65.31168831
152.75,7394,10,171,125,0,4548,66.38961039
153,7394,10,171,125,0,4497,67.51948052
153.25,7394,10,171,125,0,4468,68.31168831
153.5,7394,10,171,125,0,4411,69.46753247
153.75,7394,10,171,125,0,4394,69.7012987
154,7394,10,170,126,0,4353,70.41558442
154.25,7394,10,170,126,0,4290,71.41558442
154.5,7394,10,170,126,0,4248,72.24675325
154.75,7394,10,170,126,0,4236,72.74025974
155,7394,10,170,126,0,4204,73.38961039
155.25,7394,10,169,127,0,4187,73.66233766
155.5,7394,10,169,127,0,4186,74.07792208
155.75,7394,10,169,127,0,4145,74.81818182
156,7393,11,168,128,0,4120,75.22077922
156.25,7393,11,168,128,0,4124,75.33766234
156.5,7393,11,168,128,0,4131,75.64935065
156.75,7393,11,167,129,0,4114,76.05194805
157,7393,11,167,129,0,4096,76.57142857
157.25,7393,11,167,129,0,4070,77.06493506
157.5,7393,11,167,129,0,4058,77.20779221
157.75,7393,11,167,129,0,4089,77.14285714
158,7393,11,167,129,0,4068,77.53246753
158.25,7393,11,167,129,0,4052,77.84415584
158.5,7393,11,167,129,0,4048,78.16883117
158.75,7393,11,167,129,0,4059,78.1038961
159,7393,11,167,129,0,4037,78.32467532
159.25,7393,11,166,130,0,4038,78.55844156
159.5,7393,11,166,130,0,4012,78.75324675
159.75,7393,11,165,131,0,4007,78.85714286
160,7393,11,165,131,0,4003,79.32467532
160.25,7393,11,165,131,0,4006,79.53246753
160.5,7393,11,165,131,0,4001,79.53246753
160.75,7393,11,165,131,0,4005,79.44155844
161,7393,11,165,131,0,4023,79.41558442
161.25,7393,11,165,131,0,4025,79.50649351
161.5,7393,11,165,131,0,4020,79.4025974
161.75,7393,10,166,131,0,4027,79.53246753
162,7393,10,166,131,0,4021,79.42857143
162.25,7393,10,166,131,0,3997,79.66233766
162.5,7393,10,165,132,0,3993,79.93506494
162.75,7393,10,164,133,0,3992,79.96103896
163,7393,10,164,133,0,3994,80.22077922
163.25,7393,10,163,134,0,3992,80.36363636
163.5,7393,10,163,134,0,3995,80.46753247
163.75,7393,10,163,134,0,3989,80.23376623
164,7393,10,163,134,0,3987,80.25974026
164.25,7393,10,163,134,0,3972,80.49350649
164.5,7393,10,163,134,0,3964,80.55844156
164.75,7393,10,163,134,0,3927,80.94805195
165,7393,10,163,134,0,3992,79.18181818
165.25,7393,10,163,134,0,4201,74.87012987
165.5,7393,10,163,134,0,4354,71.2987013
165.75,7393,10,163,134,0,4511,67.72727273
166,7393,10,162,135,0,4672,64.77922078
166.25,7393,10,162,135,0,4829,61.84415584
166.5,7393,10,162,135,0,4971,58.75324675
166.75,7393,10,162,135,0,5101,56.15584416
167,7393,10,162,135,0,5206,53.5974026
167.25,7393,10,162,135,0,5322,51.25974026
167.5,7393,10,162,135,0,5428,49.14285714
167.75,7393,10,162,135,0,5546,47.14285714
168,7393,10,162,135,0,5649,45
